1. 757
2. 793
3. 829
4. 865
5. 901
6. 937
7. 973
8. 1009
9. 1045
10. 1081
11. 1117
12. 1153
13. 1189
14. 1225
15. 1261
16. 1297
17. 1333
18. 1369
19. 1405
20. 1441
21. 1477
22. 1513
23. 1549
24. 1585
25. 1621
26. 1657
27. 1693
28. 1729
29. 1765
30. 1801
31. 1837
32. 1873
33. 1909
34. 1945
35. 1981
36. 2017
37. 2053
38. 2089
39. 2125
40. 2161
41. 2197
42. 2233
43. 2269
44. 2305
45. 2341
46. 2377
47. 2413
48. 2449
49. 2485
50. 2521
51. 2557
52. 2593
53. 2629
54. 2665
55. 2701
56. 2737
57. 2773
58. 2809
59. 2845
60. 2881
61. 2917
62. 2953
63. 2989
64. 3025
65. 3061
66. 3097
67. 3133
68. 3169
69. 3205
70. 3241
71. 3277
72. 3313
73. 3349
74. 3385
75. 3421
76. 3457
77. 3493
78. 3529
79. 3565
80. 3601
81. 3637
82. 3673
83. 3709
84. 3745
85. 3781
86. 3817
87. 3853
88. 3889
89. 3925
90. 3961
91. 3997
92. 4033
93. 4069
94. 4105
95. 4141
96. 4177
97. 4213
98. 4249
99. 4285
100. 4321
101. 4357
102. 4393
103. 4429
104. 4465
105. 4501
106. 4537
107. 4573
108. 4609
109. 4645
110. 4681
111. 4717
112. 4753
113. 4789
114. 4825
115. 4861
116. 4897
117. 4933
118. 4969
119. 5005
120. 5041
121. 5077
122. 5113
123. 5149
124. 5185
125. 5221
126. 5257
127. 5293
128. 5329
129. 5365
130. 5401
131. 5437
132. 5473
133. 5509
134. 5545
135. 5581
136. 5617
137. 5653
138. 5689
139. 5725
140. 5761
141. 5797
142. 5833
143. 5869
144. 5905
145. 5941
146. 5977
147. 6013
148. 6049
149. 6085
150. 6121
151. 6157
152. 6193
153. 6229
154. 6265
155. 6301
156. 6337
157. 6373
158. 6409
159. 6445
160. 6481
161. 6517
162. 6553
163. 6589
164. 6625
165. 6661
166. 6697
167. 6733
168. 6769
169. 6805
170. 6841
171. 6877
172. 6913
173. 6949
174. 6985
175. 7021
176. 7057
177. 7093
178. 7129
179. 7165
180. 7201
181. 7237
182. 7273
183. 7309
184. 7345
185. 7381
186. 7417
187. 7453
188. 7489
189. 7525
190. 7561
191. 7597
192. 7633
193. 7669
194. 7705
195. 7741
196. 7777
197. 7813
198. 7849
199. 7885
200. 7921
201. 7957
202. 7993
203. 8029
204. 8065
205. 8101
206. 8137
207. 8173
208. 8209
209. 8245
210. 8281
211. 8317
212. 8353
213. 8389
214. 8425
215. 8461
216. 8497
217. 8533
218. 8569
219. 8605
220. 8641
221. 8677
222. 8713
223. 8749
224. 8785
225. 8821
226. 8857
227. 8893
228. 8929
229. 8965
230. 9001
231. 9037
232. 9073
233. 9109
234. 9145
235. 9181
236. 9217
237. 9253
238. 9289
239. 9325
240. 9361
241. 9397
242. 9433
243. 9469
244. 9505
245. 9541
246. 9577
247. 9613
248. 9649
249. 9685
250. 9721
251. 9757
252. 9793
253. 9829
254. 9865
255. 9901
256. 9937
257. 9973
258. 10009
259. 10045
260. 10081
261. 10117
262. 10153
263. 10189
264. 10225
265. 10261
266. 10297
267. 10333
268. 10369
269. 10405
270. 10441
271. 10477
272. 10513
273. 10549
274. 10585
275. 10621
276. 10657
277. 10693
278. 10729
279. 10765
280. 10801
281. 10837
282. 10873
283. 10909
284. 10945
285. 10981
286. 11017
287. 11053
288. 11089
289. 11125
290. 11161
291. 11197
292. 11233
293. 11269
294. 11305
295. 11341
296. 11377
297. 11413
298. 11449
299. 11485
300. 11521
301. 11557
302. 11593
303. 11629
304. 11665
305. 11701
306. 11737
307. 11773
308. 11809
309. 11845
310. 11881
311. 11917
312. 11953
313. 11989
314. 12025
315. 12061
316. 12097
317. 12133
318. 12169
319. 12205
320. 12241
321. 12277
322. 12313
323. 12349
324. 12385
325. 12421
326. 12457
327. 12493
328. 12529
329. 12565
330. 12601
331. 12637
332. 12673
333. 12709
334. 12745
335. 12781
336. 12817
337. 12853
338. 12889
339. 12925
340. 12961
341. 12997
342. 13033
343. 13069
344. 13105
345. 13141
346. 13177
347. 13213
348. 13249
349. 13285
350. 13321
351. 13357
352. 13393
353. 13429
354. 13465
355. 13501
356. 13537
357. 13573
358. 13609
359. 13645
360. 13681
361. 13717
362. 13753
363. 13789
364. 13825
365. 13861
366. 13897
367. 13933
368. 13969
369. 14005
370. 14041
371. 14077
372. 14113
373. 14149
374. 14185
375. 14221
376. 14257
377. 14293
378. 14329
379. 14365
380. 14401
381. 14437
382. 14473
383. 14509
384. 14545
385. 14581
386. 14617
387. 14653
388. 14689
389. 14725
390. 14761
391. 14797
392. 14833
393. 14869
394. 14905
395. 14941
396. 14977
397. 15013
398. 15049
399. 15085
400. 15121
401. 15157
402. 15193
403. 15229
404. 15265
405. 15301
406. 15337
407. 15373
408. 15409
409. 15445
410. 15481
411. 15517
412. 15553
413. 15589
414. 15625
415. 15661
416. 15697
417. 15733
418. 15769
419. 15805
420. 15841
421. 15877
422. 15913
423. 15949
424. 15985
425. 16021
426. 16057
427. 16093
428. 16129
429. 16165
430. 16201
431. 16237
432. 16273
433. 16309
434. 16345
435. 16381
436. 16417
437. 16453
438. 16489
439. 16525
440. 16561
441. 16597
442. 16633
443. 16669
444. 16705
445. 16741
446. 16777
447. 16813
448. 16849
449. 16885
450. 16921
451. 16957
452. 16993
453. 17029
454. 17065
455. 17101
456. 17137
457. 17173
458. 17209
459. 17245
460. 17281
461. 17317
462. 17353
463. 17389
464. 17425
465. 17461
466. 17497
467. 17533
468. 17569
469. 17605
470. 17641
471. 17677
472. 17713
473. 17749
474. 17785
475. 17821
476. 17857
477. 17893
478. 17929
479. 17965
480. 18001
481. 18037
482. 18073
483. 18109
484. 18145
485. 18181
486. 18217
487. 18253
488. 18289
489. 18325
490. 18361
491. 18397
492. 18433
493. 18469
494. 18505
495. 18541
496. 18577
497. 18613
498. 18649
499. 18685
500. 18721
501. 18757
502. 18793
503. 18829
504. 18865
505. 18901
506. 18937
507. 18973
508. 19009
509. 19045
510. 19081
511. 19117
512. 19153
513. 19189
514. 19225
515. 19261
516. 19297
517. 19333
518. 19369
519. 19405
520. 19441
521. 19477
522. 19513
523. 19549
524. 19585
525. 19621
526. 19657
527. 19693
528. 19729
529. 19765
530. 19801
531. 19837
532. 19873
533. 19909
534. 19945
535. 19981
536. 20017
537. 20053
538. 20089
539. 20125
540. 20161
541. 20197
542. 20233
543. 20269
544. 20305
545. 20341
546. 20377
547. 20413
548. 20449
549. 20485
550. 20521
551. 20557
552. 20593
553. 20629
554. 20665
555. 20701
556. 20737
557. 20773
558. 20809
559. 20845
560. 20881
561. 20917
562. 20953
563. 20989
564. 21025
565. 21061
566. 21097
567. 21133
568. 21169
569. 21205
570. 21241
571. 21277
572. 21313
573. 21349
574. 21385
575. 21421
576. 21457
577. 21493
578. 21529
579. 21565
580. 21601
581. 21637
582. 21673
583. 21709
584. 21745
585. 21781
586. 21817
587. 21853
588. 21889
589. 21925
590. 21961
591. 21997
592. 22033
593. 22069
594. 22105
595. 22141
596. 22177
597. 22213
598. 22249
599. 22285
600. 22321
601. 22357
602. 22393
603. 22429
604. 22465
605. 22501
606. 22537
607. 22573
608. 22609
609. 22645
610. 22681
611. 22717
612. 22753
613. 22789
614. 22825
615. 22861
616. 22897
617. 22933
618. 22969
619. 23005
620. 23041
621. 23077
622. 23113
623. 23149
624. 23185
625. 23221
626. 23257
627. 23293
628. 23329
629. 23365
630. 23401
631. 23437
632. 23473
633. 23509
634. 23545
635. 23581
636. 23617
637. 23653
638. 23689
639. 23725
640. 23761
641. 23797
642. 23833
643. 23869
644. 23905
645. 23941
646. 23977
647. 24013
648. 24049
649. 24085
650. 24121
651. 24157
652. 24193
653. 24229
654. 24265
655. 24301
656. 24337
657. 24373
658. 24409
659. 24445
660. 24481
661. 24517
662. 24553
663. 24589
664. 24625
665. 24661
666. 24697
667. 24733
668. 24769
669. 24805
670. 24841
671. 24877
672. 24913
673. 24949
674. 24985
675. 25021
676. 25057
677. 25093
678. 25129
679. 25165
680. 25201
681. 25237
682. 25273
683. 25309
684. 25345
685. 25381
686. 25417
687. 25453
688. 25489
689. 25525
690. 25561
691. 25597
692. 25633
693. 25669
694. 25705
695. 25741
696. 25777
697. 25813
698. 25849
699. 25885
700. 25921
701. 25957
702. 25993
703. 26029
704. 26065
705. 26101
706. 26137
707. 26173
708. 26209
709. 26245
710. 26281
711. 26317
712. 26353
713. 26389
714. 26425
715. 26461
716. 26497
717. 26533
718. 26569
719. 26605
720. 26641
721. 26677
722. 26713
723. 26749
724. 26785
725. 26821
726. 26857
727. 26893
728. 26929
729. 26965
730. 27001
731. 27037
732. 27073
733. 27109
734. 27145
735. 27181
736. 27217
737. 27253
738. 27289
739. 27325
740. 27361
741. 27397
742. 27433
743. 27469
744. 27505
745. 27541
746. 27577
747. 27613
748. 27649
749. 27685
750. 27721
751. 27757
752. 27793
753. 27829
754. 27865
755. 27901
756. 27937
757. 27973
758. 28009
759. 28045
760. 28081
761. 28117
762. 28153
763. 28189
764. 28225
765. 28261
766. 28297
767. 28333
768. 28369
769. 28405
770. 28441
771. 28477
772. 28513
773. 28549
774. 28585
775. 28621
776. 28657
777. 28693
778. 28729
779. 28765
780. 28801
781. 28837
782. 28873
783. 28909
784. 28945
785. 28981
786. 29017
787. 29053
788. 29089
789. 29125
790. 29161
791. 29197
792. 29233
793. 29269
794. 29305
795. 29341
796. 29377
797. 29413
798. 29449
799. 29485
800. 29521
801. 29557
802. 29593
803. 29629
804. 29665
805. 29701
806. 29737
807. 29773
808. 29809
809. 29845
810. 29881
811. 29917
812. 29953
